You are now connected to database "topmodelsql" as user "daniel".
DROP TABLE
CREATE TABLE
INSERT 0 14
 event_id | model_id | old_model_id | area_id | category_id | agent_id | trait_id | rating_id | date_id | revenue 
----------+----------+--------------+---------+-------------+----------+----------+-----------+---------+---------
        1 |        3 |            3 |       7 |           6 |        3 |       13 |         1 |       2 |    1530
        2 |       11 |           11 |       5 |           7 |        4 |        5 |         2 |       9 |    1625
        3 |       13 |           13 |       6 |           4 |        1 |        7 |         3 |       7 |     950
        4 |       10 |           10 |       7 |           6 |        3 |        9 |         4 |       1 | 7214.85
        5 |        8 |            8 |       4 |           3 |        6 |        1 |         4 |      10 | 9899.89
        6 |        1 |            1 |       5 |           7 |        4 |        2 |         5 |      11 | 2999.94
        7 |       14 |           14 |       3 |           5 |        7 |        8 |         5 |       6 | 5177.48
        8 |        5 |            5 |       1 |           1 |        5 |        4 |         5 |       5 |    3458
        9 |        9 |            9 |       6 |           4 |        1 |        3 |         6 |       4 |    1050
       10 |       12 |           12 |       4 |           3 |        6 |       10 |         6 |       8 |     480
       11 |        2 |            2 |       1 |           1 |        5 |       11 |         7 |       7 |  149.85
       12 |        4 |            4 |       3 |           5 |        7 |        6 |         8 |       3 | 1846.74
       13 |        7 |            7 |       2 |           2 |        2 |       12 |         8 |       7 |    1500
       14 |        6 |            6 |       5 |           7 |        4 |       14 |         9 |       8 |    3600
(14 rows)

